0e+00
0e+00
0e+00
0e+00
0e+00
0e+00
0e+00
3.0000e+02
3.0000e+02
3.0000e+02
6.0000e+02
1.2000e+03
1.5000e+03
1.8000e+03
2.1000e+03
2.4000e+03
2.7000e+03
3.0000e+02
1.2000e+03
1.2000e+03
0e+00
0e+00
0e+00
0e+00
0e+00
0e+00
0e+00
3.0000e+02
3.0000e+02
3.0000e+02
6.0000e+02
1.2000e+03
1.5000e+03
1.8000e+03
2.1000e+03
2.4000e+03
2.7000e+03
3.0000e+02
1.2000e+03
1.2000e+03
0e+00
0e+00
0e+00
0e+00
0e+00
0e+00
0e+00
3.0000e+02
3.0000e+02
3.0000e+02
6.0000e+02
1.2000e+03
1.5000e+03
1.8000e+03
2.1000e+03
2.4000e+03
2.7000e+03
3.0000e+02
1.2000e+03
1.2000e+03
